Fooma sees ALL
ROLAND!
Taidums in space!
Sneef
Butts
Unbridled Joy
Papa?
Plen
ROLAND NO
Anything but metric...